12938
12954
12955
12957
12962
12963
12966
12972
12974
12988
12990
12994
12998
13186
13196
13199
13201
13202
13203
13206
13207
13208
13210
13218
13333
13335
13336
13337
13338
13339
13340
14663
14674
14675
14676
14687
14694
14696
14697
14698
14688
14689
14690
14691
14692
14695
14699
14700
14713
14911
14913
14920
15830
16034
16038
16238
16239
16241
16245
16246
16448
16449
17749
17750
17751
18575
18576
18593
18596
18597
18599
18600
18602
18604
18649
18656
18659
18692
18694
14915
14916
14919
15828
15831
15835
16037
16138
18613
18652
18655
18695
18697
19448
19449
19451
19452
19453
19455
19457
19460
19663
19696
19701
19703
19704
19706
19709
19711
19713
19715
19716
19717
19718
19719
19707
19712
19714
19469
19468
19467
19466
19465
19470
19464
19463
19462
19461
19459
18691
18660
18658
19471
18657
18654
18601
18598
18595
18591
19474
18589
18588
18587
18585
18582
18581
18578
17748
17741
17393
16450
16447
16248
16242
16036
16035
16033
15834
12991
12989
15829
14918
14917
14914
13319
13317
13318
13309
13260
13261
13257
13255
12996
13001
13002
13003
13004
13248
13247
13245
13244
13242
13253
13240
13216
13215
13214
13213
13212
13211
13209
13251
13197
13194
13193
13190
13187
13192
13191
13189
13188
13249
12987
12983
12981
12979
12978
12976
12986
12975
12973
12971
12937
12932
12956
12920
12919
12901
